time,note,velocity,duration
0,58,40,480
480,58,40,360
840,58,36,120
960,58,40,960
1440,54,28,480
1920,58,40,480
2400,58,40,360
2760,58,36,120
2880,58,40,960
3360,54,28,480
3840,58,40,480
4320,58,40,360
4680,58,36,120
4800,58,40,480
5280,61,49,360
5640,60,45,120
5760,60,48,360
6120,58,42,120
6240,58,44,360
6600,58,36,120
6720,58,40,960
7200,54,28,480
7680,61,50,480
8160,61,50,360
8520,61,45,120
8640,61,50,480
9120,65,59,360
9480,63,53,60
9540,65,48,60
9600,63,57,360
9960,61,50,120
10080,61,55,360
10440,61,45,120
10560,61,50,960
11040,54,35,480
11520,70,73,240
11760,68,66,180
11940,68,58,60
12000,66,61,360
12360,65,53,120
12480,65,59,480
12960,61,51,480
13440,70,73,240
13680,68,65,180
13860,68,58,60
13920,66,61,360
14280,65,54,120
14400,65,59,480
14880,61,51,480
15360,58,46,480
15840,58,46,360
16200,58,41,120
16320,58,46,480
16800,61,54,360
17160,60,49,60
17220,61,45,60
17280,60,52,360
17640,58,46,120
17760,58,50,360
18120,58,41,120
18240,58,46,960
18720,54,32,480
19200,82,83,240
19440,80,73,180
19620,68,64,20
19660,80,59,20
19680,78,73,360
20040,77,61,120
20160,77,69,480
20640,73,68,480
21120,82,83,240
21360,80,73,180
21540,68,66,20
21580,80,58,20
21600,78,73,360
21960,77,61,120
22080,77,69,480
22560,73,68,480
23040,70,61,480
23520,70,63,360
23880,70,57,120
24000,70,65,480
24480,73,82,360
24840,72,71,120
24960,72,79,360
25320,70,71,120
25440,70,77,360
25800,70,72,120
25920,70,76,480
26400,72,95,480
26880,73,100,480
27360,77,89,360
27720,78,89,120
27840,80,93,360
28200,82,93,120
28320,84,99,360
28680,85,102,120
28800,89,103,960
29280,72,81,360
29640,70,76,120
29760,87,95,720
30120,68,71,120
30240,68,68,360
30600,78,89,120
30720,77,102,480
31200,77,89,360
31560,79,89,120
31680,81,93,360
32040,82,93,120
32160,84,99,360
32520,85,102,60
32580,70,88,1020
32600,76,88,1000
32620,79,88,980
32640,85,103,960
33120,67,81,480
33600,84,90,480
34080,53,81,240
34320,43,61,80
34400,44,61,80
34480,46,61,80
34560,68,80,480
34605,46,56,45
34650,44,64,45
34695,46,57,45
34740,44,66,45
34785,46,59,45
34830,44,68,45
34875,46,61,45
34920,44,70,45
34965,46,65,45
35010,44,73,45
35040,68,80,480
35055,46,66,45
35100,44,72,45
35146,46,63,45
35190,44,69,45
35235,46,60,46
35280,44,66,60
35340,46,58,60
35400,43,64,60
35460,44,55,60
35520,68,80,480
36000,49,79,240
36240,40,61,80
36320,41,61,80
36400,43,61,80
36480,65,80,480
36525,42,56,45
36570,41,64,45
36615,42,57,45
36660,41,66,45
36705,42,59,45
36750,41,68,45
36795,42,61,45
36840,41,70,45
36885,42,65,45
36930,41,73,45
36960,65,80,480
36975,42,66,45
37020,41,72,45
37066,42,63,45
37110,41,69,45
37155,42,60,46
37200,41,66,60
37260,42,58,60
37320,40,64,60
37380,41,55,60
37440,58,80,960
37920,41,49,240
38160,37,40,240
38400,58,46,480
38880,58,46,360
39240,58,41,120
39360,58,46,480
39840,61,54,360
40200,60,49,60
40260,61,45,60
40320,60,52,360
40680,58,46,120
40800,58,50,360
41160,58,41,120
41280,58,46,480
41760,61,97,360
42120,63,97,120
42240,65,101,480
42720,77,93,360
43080,78,93,120
43200,80,97,360
43560,82,97,120
43680,84,105,360
44040,85,108,120
44160,89,109,960
44640,72,85,360
45000,70,79,120
45120,87,99,720
45480,68,73,120
45600,68,71,360
45960,78,89,120
46080,77,102,480
46560,77,89,360
46920,79,89,120
47040,81,93,360
47400,82,93,120
47520,84,99,360
47880,85,102,60
47940,70,88,1020
47960,76,88,1000
47980,79,88,980
48000,85,103,960
48480,67,81,480
48960,84,90,480
49440,53,81,240
49680,43,61,80
49760,44,61,80
49840,46,61,80
49920,68,80,480
49965,46,56,45
50010,44,64,45
50055,46,57,45
50100,44,66,45
50145,46,59,45
50190,44,68,45
50235,46,61,45
50280,44,70,45
50325,46,65,45
50370,44,73,45
50400,68,80,480
50415,46,66,45
50460,44,72,45
50506,46,63,45
50550,44,69,45
50595,46,60,46
50640,44,66,60
50700,46,58,60
50760,43,64,60
50820,44,55,60
50880,68,80,480
51360,49,68,240
51600,40,61,80
51680,41,61,80
51760,43,61,80
51840,65,80,480
51885,42,56,45
51930,41,64,45
51975,42,57,45
52020,41,66,45
52065,42,59,45
52110,41,68,45
52155,42,61,45
52200,41,70,45
52245,42,65,45
52290,41,73,45
52320,65,80,480
52335,42,66,45
52380,41,72,45
52426,42,63,45
52470,41,69,45
52515,42,60,46
52560,41,66,60
52620,42,58,60
52680,40,64,60
52740,41,55,60
52800,58,80,960
53280,41,51,240
53520,37,39,240
53760,58,46,480
54240,58,46,360
54600,58,41,120
54720,58,46,480
55200,61,54,360
55560,60,49,60
55620,61,45,60
55680,60,52,360
56040,58,46,120
56160,58,50,360
56520,58,41,120
56640,58,46,480
57120,44,39,480
57600,77,54,960
57840,44,27,240
58080,53,27,240
58320,61,28,240
58560,78,50,240
58800,77,46,240
59040,75,50,240
59280,73,46,240
59520,72,50,480
59760,44,27,240
60000,82,54,480
60240,60,24,240
60480,80,52,960
60720,44,24,240
60960,54,27,240
61200,60,25,240
61440,78,51,960
61680,44,29,240
61920,54,29,240
62160,60,30,240
62400,80,50,240
62640,78,46,240
62880,77,50,240
63120,75,46,240
63360,73,50,480
63600,44,30,240
63840,85,53,480
64080,61,25,240
64320,80,49,960
64560,44,27,240
64800,53,29,240
65040,61,27,240
65280,77,52,960
65520,44,27,240
65760,53,30,240
66000,61,28,240
66240,78,51,240
66480,77,46,240
66720,75,50,240
66960,74,46,120
67080,75,46,60
67140,77,42,60
67200,75,53,240
67440,74,51,240
67680,75,54,240
67920,77,55,240
68160,78,57,240
68400,70,52,240
68640,77,57,240
68880,75,50,120
69000,72,39,60
69060,73,39,60
69120,73,39,45
69165,75,36,45
69210,73,40,45
69255,75,37,45
69300,73,42,45
69345,75,38,45
69360,52,28,240
69390,73,44,45
69435,75,39,45
69480,73,46,45
69525,75,42,45
69570,73,48,45
69600,61,28,240
69615,75,42,45
69660,73,47,45
69706,75,40,45
69750,73,44,45
69795,75,38,46
69840,73,42,60
69900,75,37,60
69960,72,40,60
70020,73,35,60
70080,82,54,240
70320,80,50,240
70560,78,52,240
70800,68,50,240
71040,75,54,960
71280,44,27,240
71520,54,27,240
71760,60,26,240
72000,73,50,480
72240,44,28,240
72480,53,28,240
72720,61,28,240
72960,77,54,960
73200,44,27,240
73440,53,27,240
73680,61,28,240
73920,78,50,240
74160,77,46,240
74400,75,50,240
74640,73,46,240
74880,72,50,480
75120,44,27,240
75360,82,54,480
75600,60,24,240
75840,80,52,960
76080,44,24,240
76320,54,27,240
76560,60,25,240
76800,78,51,960
77040,44,29,240
77280,54,29,240
77520,60,30,240
77760,80,50,240
78000,78,46,240
78240,77,50,240
78480,75,46,240
78720,73,50,480
78960,44,30,240
79200,85,53,480
79440,61,25,240
79680,80,49,960
79920,44,27,240
80160,53,29,240
80400,61,27,240
80640,77,52,960
80880,44,27,240
81120,53,30,240
81360,61,28,240
81600,78,51,240
81840,77,46,240
82080,75,50,240
82320,74,46,120
82440,75,46,60
82500,77,42,60
82560,75,53,240
82800,74,51,240
83040,75,54,240
83280,77,55,240
83520,78,57,240
83760,70,52,240
84000,77,57,240
84240,75,50,120
84360,72,39,60
84420,73,39,60
84480,73,39,45
84525,75,36,45
84570,73,40,45
84615,75,37,45
84660,73,42,45
84705,75,38,45
84720,52,28,240
84750,73,44,45
84795,75,39,45
84840,73,46,45
84885,75,42,45
84930,73,48,45
84960,61,28,240
84975,75,42,45
85020,73,47,45
85066,75,40,45
85110,73,44,45
85155,75,38,46
85200,73,42,60
85260,75,37,60
85320,72,40,60
85380,73,35,60
85440,82,54,240
85680,80,50,240
85920,78,52,240
86160,68,50,240
86400,75,54,960
86640,44,27,240
86880,54,27,240
87120,60,26,240
87360,73,50,480
87600,44,28,240
87840,53,28,240
88080,61,28,240
88320,72,56,960
88560,44,28,240
88800,51,28,240
89040,60,29,240
89280,73,52,240
89520,72,48,240
89760,70,52,240
90000,68,48,240
90240,67,52,480
90480,46,28,240
90720,77,56,480
90960,61,25,240
91200,75,54,960
91440,46,25,240
91680,51,28,240
91920,61,26,240
92160,73,55,960
92400,46,31,240
92640,52,31,240
92880,61,33,240
93120,75,55,240
93360,73,50,240
93600,72,55,240
93840,70,51,240
94080,69,55,480
94320,48,33,240
94560,78,59,480
94800,63,28,240
95040,77,55,960
95280,48,30,240
95520,51,33,240
95760,63,30,240
96000,77,59,960
96240,49,31,240
96480,58,34,240
96720,65,32,240
96960,78,58,240
97200,77,52,240
97440,75,57,240
97680,73,52,240
97920,73,59,480
98160,51,35,240
98400,72,57,480
98640,66,33,240
98880,41,41,240
99120,72,56,210
99330,75,55,30
99360,73,59,360
99600,65,35,240
99720,72,58,120
99840,72,59,480
100080,51,34,240
100320,70,56,480
100560,63,33,240
100800,42,38,240
101040,72,56,210
101250,75,59,30
101280,73,59,360
101520,64,34,240
101640,72,56,120
101760,72,50,480
102000,48,32,240
102240,77,55,480
102480,65,31,240
102720,78,54,480
102960,51,33,240
103200,68,46,480
103440,66,26,240
103680,77,54,960
103920,44,27,240
104160,53,27,240
104400,61,28,240
104640,78,50,240
104880,77,46,240
105120,75,50,240
105360,73,46,240
105600,72,50,480
105840,44,27,240
106080,82,54,480
106320,60,24,240
106560,80,52,960
106800,44,24,240
107040,54,27,240
107280,60,25,240
107520,78,51,960
107760,44,29,240
108000,54,29,240
108240,60,30,240
108480,80,50,240
108720,78,46,240
108960,77,50,240
109200,75,46,240
109440,73,50,480
109680,44,30,240
109920,85,53,480
110160,61,25,240
110400,80,49,960
110640,44,27,240
110880,53,29,240
111120,61,27,240
111360,77,52,960
111600,44,27,240
111840,53,30,240
112080,61,28,240
112320,78,51,240
112560,77,46,240
112800,75,50,240
113040,74,46,120
113160,75,46,60
113220,77,42,60
113280,75,53,240
113520,74,51,240
113760,75,54,240
114000,77,55,240
114240,78,57,240
114480,70,52,240
114720,77,57,240
114960,75,50,120
115080,72,39,60
115140,73,39,60
115200,73,39,45
115245,75,36,45
115290,73,40,45
115335,75,37,45
115380,73,42,45
115425,75,38,45
115440,52,28,240
115470,73,44,45
115515,75,39,45
115560,73,46,45
115605,75,42,45
115650,73,48,45
115680,61,28,240
115695,75,42,45
115740,73,47,45
115786,75,40,45
115830,73,44,45
115875,75,38,46
115920,73,42,60
115980,75,37,60
116040,72,40,60
116100,73,35,60
116160,82,54,240
116400,80,50,240
116640,78,52,240
116880,68,50,240
117120,75,54,960
117360,44,27,240
117600,54,27,240
117840,60,26,240
118080,73,45,480
118320,44,25,240
118560,53,25,240
118800,61,25,240
119040,72,56,960
119280,44,28,240
119520,51,28,240
119760,60,29,240
120000,73,52,240
120240,72,48,240
120480,70,52,240
120720,68,48,240
120960,67,52,480
121200,46,28,240
121440,77,56,480
121680,61,25,240
121920,75,54,960
122160,46,25,240
122400,51,28,240
122640,61,26,240
122880,73,55,960
123120,46,31,240
123360,52,31,240
123600,61,33,240
123840,75,55,240
124080,73,50,240
124320,72,55,240
124560,70,51,240
124800,69,55,480
125040,48,33,240
125280,78,59,480
125520,63,28,240
125760,77,55,960
126000,48,30,240
126240,51,33,240
126480,63,30,240
126720,77,59,960
126960,49,31,240
127200,58,34,240
127440,65,32,240
127680,78,58,240
127920,77,52,240
128160,75,57,240
128400,73,52,240
128640,73,59,480
128880,51,35,240
129120,72,57,480
129360,66,33,240
129600,41,41,240
129840,72,56,210
130050,75,55,30
130080,73,59,360
130320,65,35,240
130440,72,58,120
130560,72,59,480
130800,51,34,240
131040,70,56,480
131280,63,33,240
131520,42,38,240
131760,72,56,210
131970,75,59,30
132000,73,59,360
132240,64,34,240
132360,72,56,120
132480,72,50,480
132720,48,32,240
132960,77,55,480
133200,65,31,240
133440,78,54,480
133680,51,33,240
133920,68,45,480
134160,66,26,240
134400,77,54,960
134640,44,27,240
134880,53,27,240
135120,61,28,240
135360,78,50,240
135600,77,46,240
135840,75,50,240
136080,73,46,240
136320,72,50,480
136560,44,27,240
136800,82,54,480
137040,60,24,240
137280,80,52,960
137520,44,24,240
137760,54,27,240
138000,60,25,240
138240,78,51,960
138480,44,29,240
138720,54,29,240
138960,60,30,240
139200,80,50,240
139440,78,46,240
139680,77,50,240
139920,75,46,240
140160,73,50,480
140400,44,30,240
140640,85,53,480
140880,61,25,240
141120,80,49,960
141360,44,27,240
141600,53,29,240
141840,61,27,240
142080,77,52,960
142320,44,27,240
142560,53,30,240
142800,61,28,240
143040,78,51,240
143280,77,46,240
143520,75,50,240
143760,74,46,120
143880,75,46,60
143940,77,42,60
144000,75,53,240
144240,74,51,240
144480,75,54,240
144720,77,55,240
144960,78,57,240
145200,70,52,240
145440,77,57,240
145680,75,50,120
145800,72,39,60
145860,73,39,60
145920,73,39,45
145965,75,36,45
146010,73,40,45
146055,75,37,45
146100,73,42,45
146145,75,38,45
146160,52,28,240
146190,73,44,45
146235,75,39,45
146280,73,46,45
146325,75,42,45
146370,73,48,45
146400,61,28,240
146415,75,42,45
146460,73,47,45
146506,75,40,45
146550,73,44,45
146595,75,38,46
146640,73,42,60
146700,75,37,60
146760,72,40,60
146820,73,35,60
146880,82,54,240
147120,80,50,240
147360,78,52,240
147600,68,50,240
147840,75,54,960
148080,44,27,240
148320,54,27,240
148560,60,23,240
148800,73,45,480
149760,58,40,480
150240,58,40,360
150600,58,36,120
150720,58,40,960
151200,54,28,480
151680,58,40,480
152160,58,40,360
152520,58,36,120
152640,58,40,960
153120,54,28,480
153600,58,40,480
154080,58,40,360
154440,58,36,120
154560,58,40,480
155040,61,49,360
155400,60,45,120
155520,60,48,360
155880,58,42,120
156000,58,44,360
156360,58,36,120
156480,58,40,960
156960,54,28,480
157440,61,50,480
157920,61,50,360
158280,61,45,120
158400,61,50,480
158880,65,59,360
159240,63,53,60
159300,65,48,60
159360,63,57,360
159720,61,50,120
159840,61,55,360
160200,61,45,120
160320,61,50,960
160800,54,35,480
161280,70,73,240
161520,68,67,180
161700,68,58,60
161760,66,61,360
162120,65,53,120
162240,65,59,480
162720,61,51,480
163200,70,73,240
163440,68,67,180
163620,68,58,60
163680,66,61,360
164040,65,54,120
164160,65,59,480
164640,61,51,480
165120,58,46,480
165600,58,46,360
165960,58,41,120
166080,58,46,480
166560,61,54,360
166920,60,49,60
166980,61,45,60
167040,60,52,360
167400,58,46,120
167520,58,50,360
167880,58,41,120
168000,58,46,960
168480,54,32,480
168960,82,83,240
169200,80,73,180
169380,68,64,20
169420,80,59,20
169440,78,73,360
169800,77,61,120
169920,77,69,480
170400,73,68,480
170880,82,83,240
171120,80,73,180
171300,68,66,20
171340,80,58,20
171360,78,73,360
171720,77,61,120
171840,77,69,480
172320,73,68,480
172800,70,61,480
173280,70,63,360
173640,70,57,120
173760,70,65,480
174240,73,82,360
174600,72,71,120
174720,72,79,360
175080,70,71,120
175200,70,77,360
175560,70,72,120
175680,70,76,480
176160,72,95,480
176640,73,100,480
177120,77,89,360
177480,78,89,120
177600,80,93,360
177960,82,93,120
178080,84,99,360
178440,85,102,120
178560,89,103,960
179040,72,81,360
179400,70,76,120
179520,87,95,720
179880,68,71,120
180000,68,68,360
180360,78,89,120
180480,77,102,480
180960,77,89,360
181320,79,89,120
181440,81,93,360
181800,82,93,120
181920,84,99,360
182280,85,102,60
182340,70,88,1020
182360,76,88,1000
182380,79,88,980
182400,85,103,960
182880,67,81,480
183360,84,90,480
183840,53,87,240
184080,43,61,80
184160,44,61,80
184240,46,61,80
184320,68,80,480
184365,46,56,45
184410,44,64,45
184455,46,57,45
184500,44,66,45
184545,46,59,45
184590,44,68,45
184635,46,61,45
184680,44,70,45
184725,46,65,45
184770,44,73,45
184800,68,80,480
184815,46,66,45
184860,44,72,45
184906,46,63,45
184950,44,69,45
184995,46,60,46
185040,44,66,60
185100,46,58,60
185160,43,64,60
185220,44,55,60
185280,68,80,480
185760,49,82,240
186000,40,61,80
186080,41,61,80
186160,43,61,80
186240,65,80,480
186285,42,56,45
186330,41,64,45
186375,42,57,45
186420,41,66,45
186465,42,59,45
186510,41,68,45
186555,42,61,45
186600,41,70,45
186645,42,65,45
186690,41,73,45
186720,65,80,480
186735,42,66,45
186780,41,72,45
186826,42,63,45
186870,41,69,45
186915,42,60,46
186960,41,66,60
187020,42,58,60
187080,40,64,60
187140,41,55,60
187200,58,80,960
187680,41,49,240
187920,37,39,240
188160,58,46,480
188640,58,46,360
189000,58,41,120
189120,58,46,480
189600,61,54,360
189960,60,49,60
190020,61,45,60
190080,60,52,360
190440,58,46,120
190560,58,50,360
190920,58,41,120
191040,58,46,480
191520,61,97,360
191880,63,97,120
192000,65,101,480
192480,77,89,360
192840,78,89,120
192960,80,93,360
193320,82,93,120
193440,84,100,360
193800,85,103,120
193920,89,104,960
194400,72,81,360
194760,70,76,120
194880,87,95,720
195240,68,70,120
195360,68,68,360
195720,78,85,120
195840,77,98,480
196320,77,89,360
196680,79,89,120
196800,81,93,360
197160,82,93,120
197280,84,99,360
197640,85,102,60
197700,70,88,1020
197720,76,88,1000
197740,79,88,980
197760,85,103,960
198240,67,81,480
198720,84,90,480
199200,53,81,240
199440,43,61,80
199520,44,61,80
199600,46,61,80
199680,68,80,480
199725,46,56,45
199770,44,64,45
199815,46,57,45
199860,44,66,45
199905,46,59,45
199950,44,68,45
199995,46,61,45
200040,44,70,45
200085,46,65,45
200130,44,73,45
200160,68,80,480
200175,46,66,45
200220,44,72,45
200266,46,63,45
200310,44,69,45
200355,46,60,46
200400,44,66,60
200460,46,58,60
200520,43,64,60
200580,44,55,60
200640,68,80,480
201120,49,68,240
201360,40,61,80
201440,41,61,80
201520,43,61,80
201600,65,80,480
201645,42,56,45
201690,41,64,45
201735,42,57,45
201780,41,66,45
201825,42,59,45
201870,41,68,45
201915,42,61,45
201960,41,70,45
202005,42,65,45
202050,41,73,45
202080,65,80,480
202095,42,66,45
202140,41,72,45
202186,42,63,45
202230,41,69,45
202275,42,60,46
202320,41,66,60
202380,42,58,60
202440,40,64,60
202500,41,55,60
202560,58,80,960
203040,41,47,240
203280,37,39,240
203520,58,46,480
204000,58,46,360
204360,58,41,120
204480,58,46,480
204960,61,54,360
205320,60,49,60
205380,61,45,60
205440,60,52,360
205800,58,46,120
205920,58,50,360
206280,58,36,120
206400,58,41,960
